3.3427934646606445
5.084759950637817
4.173629522323608
5.309955596923828
3.5756423473358154
5.212228536605835
3.2467851638793945
2.8338630199432373
3.081914186477661
3.3864357471466064
3.5474817752838135
2.7096645832061768
3.0628862380981445
3.1468563079833984
3.1763319969177246
3.1212806701660156
3.668109178543091
3.087886333465576
4.086559295654297
3.24302077293396
3.5598201751708984
4.6475396156311035
3.823190689086914
4.42423677444458
4.028956890106201
3.8798840045928955
3.5303962230682373
3.4018988609313965
3.280755043029785
3.1745996475219727
3.6978044509887695
3.3946311473846436
3.8753042221069336
3.4021873474121094
3.434436321258545
3.3700220584869385
3.0494332313537598
1.7067906856536865
3.4447593688964844
3.386559247970581
3.189380407333374
3.5382416248321533
3.3552167415618896
2.9911997318267822
3.6204609870910645
3.1232986450195312
3.37161922454834
3.2924790382385254
3.2946829795837402
3.2810919284820557
3.549400806427002
3.9233527183532715
4.402037620544434
3.165149450302124
2.691986083984375
3.068647861480713
3.4069018363952637
3.097837209701538
3.0962483882904053
3.1073708534240723
3.185999631881714
3.4907147884368896
3.280397891998291
3.429837703704834
3.1071653366088867
4.3311474323272705
4.002900123596191
3.7368762493133545
3.371244430541992
4.2053656578063965
3.176482915878296
2.9561102390289307
